1000
840485.369 396464.774
446583.435 353336.097
886428.433 318692.772
584090.22 15582.8494
383715.875 159368.627
58858.9136 691004.373
163545.951 899854.306
533064.714 159071.503
582699.021 604144.19
390478.195 269971.118
742377.406 293400.57
75538.0785 298525.606
857377.943 404982.634
662830.66 941968.323
2755.08143 846475.78
532596.024 462379.245
265612.235 787876.621
306785.131 982752.263
608715.653 600855.136
885895.131 212438.798
151859.864 304657.102
387476.951 337661.903
753553.276 643609.829
531628.252 603616.099
652488.447 459360.316
946370.486 327181.164
943890.339 368039.867
516599.95 7428.26172
24299.1556 272770.953
204963.51 591954.502
59368.6934 877693.35
302829.184 260842.552
498198.059 891495.22
286413.994 710025.581
675540.671 864923.577
959635.562 458489.973
376551.281 774675.406
354533.877 228639.116
669765.832 300318.248
565954.509 718966.572
390611.91 824465.313
844008.46 818766.311
943395.886 180467.77
520665.778 424886.765
913508.169 65643.7549
761364.127 882584.573
688256.842 398922.546
405008.799 761548.304
484633.905 125251.138
873121.166 222462.553
1413.962 528821.898
18697.3976 860513.813
242884.021 814891.942
965732.518 314571.844
809431.695 935560.105
220135.508 492109.153
289029.058 576353.738
261323.339 321066.976
1817.29961 173987.858
241174.551 44784.1404
701624.649 415451.188
503910.344 221845.691
393063.444 67030.2114
218142.211 479476.527
916203.193 219511.285
192693.937 350221.751
633681.628 211234.979
783411.413 53565.3932
444096.6 30673.9171
932180.218 176412.888
472844.835 909648.273
695567.358 871695.461
455090.556 930189.621
893304.001 398566.782
838734.383 693546.747
651269.549 739699.136
577212.317 678154.24
935388.054 273118.281
47412.5134 661938.885
618194.778 373038.39
377305.582 148627.986
25687.8246 644591.401
77018.8061 841380.513
255986.141 742633.917
377647.585 901844.23
211434.985 319529.925
251315.083 648532.5
250922.181 228644.317
136715.085 943221.162
548707.187 270060.767
865080.021 324021.447
680059.336 296703.348
876307.513 833147.254
73115.4782 649664.558
253581.256 898546.969
841889.925 611318.628
372587.091 832019.301
109214.906 757048.223
559329.326 850811.976
343096.982 857580.462
345197.295 691769.604
958707.883 893584.653
981544.357 121735.195
614776.279 55024.7948
376472.598 38126.6756
281923.955 525604.856
607242.966 560537.961
446534.988 816439.585
471854.014 27111.6801
292723.682 284898.305
17579.4171 195680.144
573165.442 829599.231
732976.481 104780.602
223888.398 119097.52
739051.619 947252.862
826131.565 821356.975
256495.729 250979.972
388221.673 338193.197
266409.127 527318.476
870894.566 401220.532
294573.819 45891.7929
560002.386 394246.563
822576.867 310821.141
91143.5897 475481.49
917044.094 262401.093
332093.346 978435.899
240634.874 902074.035
752286.033 373164.372
900627.876 457827.388
565923.483 422894.512
353870.876 970462.157
179091.359 431506.515
337176.765 215319.113
44725.7049 454367.753
62149.1404 683882.454
316171.237 551375.283
500765.995 268217.905
964826.539 62536.9632
806315.558 729575.791
705017.961 151974.411
842565.842 729957.446
955447.777 617928.583
527085.486 479388.126
607612.115 29386.5903
592769.648 47569.3664
904394.395 402646.93
310837.454 330131.069
734149.534 854944.744
340458.593 98626.5335
985167.064 401739.494
831962.391 629594.781
791226.69 437119.73
135134.9 59461.8604
930451.652 543823.899
389894.587 884899.019
856862.65 414557.516
107756.722 286758.584
777602.184 576675.995
808677.186 142250.931
410024.864 748094.222
344459.535 475115.767
23647.7474 416798.846
717891.538 525811.01
694865.075 236022.679
762750.408 779950.606
370517.959 121562.716
766006.338 928251.433
983660.708 289579.533
37813.0858 428106.916
15595.6066 598326.448
130679 756723.843
217496.166 374567.164
205663.394 577797.001
748369.189 787020.943
285268.327 455336.404
450007.519 850220.081
430246.027 835011.919
950872.11 330995.768
356794.046 248872.817
497053.138 417870.679
563165.348 885292.95
967759.368 685500.244
567805.379 182368.759
203961.873 29664.6427
547594.383 157764.928
211286.623 203990.633
193097.376 67294.043
782049.467 901521.526
422007.772 302589.854
797120.597 989525.426
181940.283 387471.607
737382.928 224731.394
664735.985 533507.071
468823.843 201830.975
97463.7872 566497.239
17311.6657 277023.692
886939.683 563884.072
62020.9302 70190.0742
307064.57 253306.766
134073.245 896639.856
429454.653 947709.807
783667.219 78126.3839
421182.11 443670.266
189820.695 701886.452
248059.341 126220.216
137505.417 657927.917
822514.285 322775.63
923707.346 13840.9775
582068.523 376353.466
413709.177 261373.105
753720.873 687696.658
129204.248 171327.749
292758.255 158990.242
278877.086 857593.283
838889.597 688423.664
48614.2875 814976.619
430978.794 72942.2081
151954.419 749825.755
102515.942 412267.378
641786.166 761122.589
547413.725 734909.593
732324.121 99881.8817
519474.525 528829.75
947320.485 286499.673
494295.132 426136.661
258222.539 702474.99
880436.373 811368.073
107099.233 1127.70702
983986.17 273251.639
816799.474 361123.171
289412.995 855261.654
8759.03687 999486.087
967693.986 63785.482
301556.202 683162.383
923584.747 725423.066
915767.6 649013.753
976677.494 536121.678
418559.172 233475.557
780297.5 581878.852
901051.812 200170.027
928666.06 129137.099
479741.139 764863.751
12088.2221 556377.327
377665.086 383736.246
543806.732 728551.726
589765.569 677555.668
107826.617 282763.971
528770.529 298733.432
437309.199 905012.872
232344.211 951172.202
616536.562 519997.696
979255.612 188276.549
160059.235 503197.364
192561.783 539532.975
330187.605 249064.094
622583.1 150881.223
943822.936 211722.934
213675.792 622012.129
842723.382 473674.583
119022.007 441184.111
674265.637 920417.889
780023.578 164720.979
184820.362 709523.176
215191.472 776733.396
662860.942 254505.959
942082.709 960615.41
797346.874 808005.414
699889.449 986451.234
117866.863 664521.005
155394.939 689696.24
451218.979 327686.823
507467.224 411565.264
824897.648 846274.102
691978.006 568791.075
847326.248 140441.056
207549.784 701251.604
439221.412 66953.3246
301013.582 844976.487
537427.137 339060.692
878691.17 32927.0975
964765.264 181444.364
445013.778 727519.673
495390.151 799276.496
153592.972 331073.844
448911.186 737217.92
618332.664 350289.054
137883.604 941503.74
44803.2123 758674.402
657517.47 586637.64
966803.308 9903.59185
844593.305 336266.99
12351.9115 611781.334
511202.1 852300.169
670444.927 234460.905
60274.0826 802137.601
618568.7 760440.093
361776.009 924026.687
325598.784 203504.596
874417.623 556150.96
30366.8959 948129.556
766815.722 405383.158
868515.538 661961.489
569045.649 794053.316
575567.543 587079.821
280716.442 573114.266
419330.823 749099.815
1114.03872 801360.884
537375.946 168272.205
922168.207 964633.885
793529.868 98129.674
843240.044 326096.682
379912.329 42621.6803
400849.316 166722.714
327416.071 152887.434
644941.319 480203.411
637737.274 123787.314
890232.76 742841.508
94762.4649 895116.016
396302.062 879013.461
773601.694 13251.5709
118752.99 506976.192
553739.107 79173.3551
776958.092 76789.9766
411190.123 154754.664
818181.885 28688.9004
156373.463 630571.612
555519.288 611235.703
483415.196 887865.453
115914.37 337056.855
477214.925 80570.0513
668024.35 130999.149
1860.237 689415.692
286965.674 280438.755
973538.689 781114.779
348749.424 147590.435
349255.943 466719.744
391833.808 894516.203
576338.226 172738.886
312668.675 926751.969
224416.212 497947.193
717982.374 432815.487
929519.71 562606.819
396091.478 914211.959
627847.229 502711.111
615550.407 421922.849
244125.775 710707.138
250477.439 876881.522
566282.975 369880.017
271997.493 217864.191
415080.065 19268.119
654157.036 632939.018
475689.414 269816.911
205743.987 60627.9762
259858.084 273790.981
757662.221 842878.006
714818.635 234694.056
775467.692 550567.898
481653.947 693665.824
110597.892 838478.069
865183.322 803227.516
799569.963 803429.706
234026.648 516155.673
631461.706 877790.529
988360.977 995120.736
459425.709 280004.379
969673.572 459604.352
776546.27 531613.925
437826.377 705701.8
20383.384 431917.655
592893.007 190044.201
40034.2965 130566.904
300049.82 592684.29
546082.573 856823.755
803461.49 349949.985
574623.895 331749.011
48387.7593 664676.998
704508.377 614278.908
919065.874 798705.634
160497.703 900112.673
533331.517 75013.0377
968303.345 717828.155
394094.085 461420.792
970176.162 742052.473
3968.79908 74664.2307
997209.258 589346.671
714502.571 586054.432
577771.758 77350.6286
458051.82 684451.95
757112.656 438434.678
341642.525 268373.141
443387.656 390500.416
251854.888 409460.91
978019.545 112672.851
902341.043 820091.963
666880.695 463562.065
566043.389 237507.718
882386.269 953802.896
878197.391 927616.029
149935.261 360088.492
20065.1385 238711.294
725585.14 590405.812
633968.68 577121.476
431371.16 703291.025
455114.168 314657.604
581884.929 399408.174
743083.256 406284.513
367835.125 971498.11
664506.043 33346.4375
982177.916 576754.55
217734.209 483787.779
520502.191 820092.779
640342.895 30053.3019
463786.756 371842.023
431669.454 514803.452
578139.72 631497.5
726635.398 154434.784
828035.965 60820.5523
235708.901 123972.883
397863.417 593407.796
921587.992 400651.076
917874.412 660620.77
9183.28947 176972.852
277141.249 610358.901
455542.719 669974.654
25686.7531 218578.579
164903.344 67578.8394
884077.735 264842.453
686116.081 584299.413
620533.308 751783.764
930931.937 519206.025
867737.647 861573.108
298352.421 894159.88
944409.445 555787.618
69346.038 728229.046
546244.706 312137.729
775256.377 506315.443
168717.1 654062.398
560339.284 610951.842
227617.442 247142.626
112855.996 793649.829
224992.626 617613.271
179430.045 506919.253
656780.929 279107.144
793987.219 644081.39
128036.712 848401.166
326203.965 938332.313
801919.696 781734.697
106279.443 655375.078
594943.698 690742.812
424933.969 928649.532
694313.629 899825.176
992360.971 989192.275
30129.153 411612.032
710584.838 943026.749
318025.31 758975.436
754092.212 660409.98
494306.17 173774.169
238123.488 729068.446
609283.726 5347.42984
97673.5521 456686.158
104462.36 614943.348
508720.148 208433.757
470135.915 873166.327
202763.887 258443.373
422241.125 541660.087
193339.719 98160.6771
326914.619 951243.781
726284.853 260888.132
779732.334 548344.568
52386.6368 125142.319
171296.618 699704.339
910374.887 487378.686
164529.084 79988.7149
299480.632 538009.369
210202.954 554225.767
253996.273 27399.3474
240008.807 571208.018
338104.843 117743.199
220518.841 147486.903
528987.414 632594.689
312148.537 814881.866
11781.7957 41664.4167
455587.599 776149.46
273891.64 660762.305
570785.698 640368.963
251596.841 765011.935
482659.512 746582.995
282682.9 870398.137
731087.383 314292.206
279302.677 550147.967
643953.106 643675.088
20547.7624 237333.662
280092.595 816145.228
329902.675 395494.66
928712.849 884451.595
345172.222 790199.562
893543.53 286480.616
194524.767 894628.379
919623.889 141864.629
389520.851 442895.815
0.840485369 0.396464774
0.446583435 0.353336097
0.886428433 0.318692772
0.58409022 0.0155828494
0.383715875 0.159368627
0.0588589136 0.691004373
0.163545951 0.899854306
0.533064714 0.159071503
0.582699021 0.60414419
0.390478195 0.269971118
0.742377406 0.29340057
0.0755380785 0.298525606
0.857377943 0.404982634
0.66283066 0.941968323
0.00275508143 0.84647578
0.532596024 0.462379245
0.265612235 0.787876621
0.306785131 0.982752263
0.608715653 0.600855136
0.885895131 0.212438798
0.151859864 0.304657102
0.387476951 0.337661903
0.753553276 0.643609829
0.531628252 0.603616099
0.652488447 0.459360316
0.946370486 0.327181164
0.943890339 0.368039867
0.51659995 0.00742826172
0.0242991556 0.272770953
0.20496351 0.591954502
0.0593686934 0.87769335
0.302829184 0.260842552
0.498198059 0.89149522
0.286413994 0.710025581
0.675540671 0.864923577
0.959635562 0.458489973
0.376551281 0.774675406
0.354533877 0.228639116
0.669765832 0.300318248
0.565954509 0.718966572
0.39061191 0.824465313
0.84400846 0.818766311
0.943395886 0.18046777
0.520665778 0.424886765
0.913508169 0.0656437549
0.761364127 0.882584573
0.688256842 0.398922546
0.405008799 0.761548304
0.484633905 0.125251138
0.873121166 0.222462553
0.001413962 0.528821898
0.0186973976 0.860513813
0.242884021 0.814891942
0.965732518 0.314571844
0.809431695 0.935560105
0.220135508 0.492109153
0.289029058 0.576353738
0.261323339 0.321066976
0.00181729961 0.173987858
0.241174551 0.0447841404
0.701624649 0.415451188
0.503910344 0.221845691
0.393063444 0.0670302114
0.218142211 0.479476527
0.916203193 0.219511285
0.192693937 0.350221751
0.633681628 0.211234979
0.783411413 0.0535653932
0.4440966 0.0306739171
0.932180218 0.176412888
0.472844835 0.909648273
0.695567358 0.871695461
0.455090556 0.930189621
0.893304001 0.398566782
0.838734383 0.693546747
0.651269549 0.739699136
0.577212317 0.67815424
0.935388054 0.273118281
0.0474125134 0.661938885
0.618194778 0.37303839
0.377305582 0.148627986
0.0256878246 0.644591401
0.0770188061 0.841380513
0.255986141 0.742633917
0.377647585 0.90184423
0.211434985 0.319529925
0.251315083 0.6485325
0.250922181 0.228644317
0.136715085 0.943221162
0.548707187 0.270060767
0.865080021 0.324021447
0.680059336 0.296703348
0.876307513 0.833147254
0.0731154782 0.649664558
0.253581256 0.898546969
0.841889925 0.611318628
0.372587091 0.832019301
0.109214906 0.757048223
0.559329326 0.850811976
0.343096982 0.857580462
0.345197295 0.691769604
0.958707883 0.893584653
0.981544357 0.121735195
0.614776279 0.0550247948
0.376472598 0.0381266756
0.281923955 0.525604856
0.607242966 0.560537961
0.446534988 0.816439585
0.471854014 0.0271116801
0.292723682 0.284898305
0.0175794171 0.195680144
0.573165442 0.829599231
0.732976481 0.104780602
0.223888398 0.11909752
0.739051619 0.947252862
0.826131565 0.821356975
0.256495729 0.250979972
0.388221673 0.338193197
0.266409127 0.527318476
0.870894566 0.401220532
0.294573819 0.0458917929
0.560002386 0.394246563
0.822576867 0.310821141
0.0911435897 0.47548149
0.917044094 0.262401093
0.332093346 0.978435899
0.240634874 0.902074035
0.752286033 0.373164372
0.900627876 0.457827388
0.565923483 0.422894512
0.353870876 0.970462157
0.179091359 0.431506515
0.337176765 0.215319113
0.0447257049 0.454367753
0.0621491404 0.683882454
0.316171237 0.551375283
0.500765995 0.268217905
0.964826539 0.0625369632
0.806315558 0.729575791
0.705017961 0.151974411
0.842565842 0.729957446
0.955447777 0.617928583
0.527085486 0.479388126
0.607612115 0.0293865903
0.592769648 0.0475693664
0.904394395 0.40264693
0.310837454 0.330131069
0.734149534 0.854944744
0.340458593 0.0986265335
0.985167064 0.401739494
0.831962391 0.629594781
0.79122669 0.43711973
0.1351349 0.0594618604
0.930451652 0.543823899
0.389894587 0.884899019
0.85686265 0.414557516
0.107756722 0.286758584
0.777602184 0.576675995
0.808677186 0.142250931
0.410024864 0.748094222
0.344459535 0.475115767
0.0236477474 0.416798846
0.717891538 0.52581101
0.694865075 0.236022679
0.762750408 0.779950606
0.370517959 0.121562716
0.766006338 0.928251433
0.983660708 0.289579533
0.0378130858 0.428106916
0.0155956066 0.598326448
0.130679 0.756723843
0.217496166 0.374567164
0.205663394 0.577797001
0.748369189 0.787020943
0.285268327 0.455336404
0.450007519 0.850220081
0.430246027 0.835011919
0.95087211 0.330995768
0.356794046 0.248872817
0.497053138 0.417870679
0.563165348 0.88529295
0.967759368 0.685500244
0.567805379 0.182368759
0.203961873 0.0296646427
0.547594383 0.157764928
0.211286623 0.203990633
0.193097376 0.067294043
0.782049467 0.901521526
0.422007772 0.302589854
0.797120597 0.989525426
0.181940283 0.387471607
0.737382928 0.224731394
0.664735985 0.533507071
0.468823843 0.201830975
0.0974637872 0.566497239
0.0173116657 0.277023692
0.886939683 0.563884072
0.0620209302 0.0701900742
0.30706457 0.253306766
0.134073245 0.896639856
0.429454653 0.947709807
0.783667219 0.0781263839
0.42118211 0.443670266
0.189820695 0.701886452
0.248059341 0.126220216
0.137505417 0.657927917
0.822514285 0.32277563
0.923707346 0.0138409775
0.582068523 0.376353466
0.413709177 0.261373105
0.753720873 0.687696658
0.129204248 0.171327749
0.292758255 0.158990242
0.278877086 0.857593283
0.838889597 0.688423664
0.0486142875 0.814976619
0.430978794 0.0729422081
0.151954419 0.749825755
0.102515942 0.412267378
0.641786166 0.761122589
0.547413725 0.734909593
0.732324121 0.0998818817
0.519474525 0.52882975
0.947320485 0.286499673
0.494295132 0.426136661
0.258222539 0.70247499
0.880436373 0.811368073
0.107099233 0.00112770702
0.98398617 0.273251639
0.816799474 0.361123171
0.289412995 0.855261654
0.00875903687 0.999486087
0.967693986 0.063785482
0.301556202 0.683162383
0.923584747 0.725423066
0.9157676 0.649013753
0.976677494 0.536121678
0.418559172 0.233475557
0.7802975 0.581878852
0.901051812 0.200170027
0.92866606 0.129137099
0.479741139 0.764863751
0.0120882221 0.556377327
0.377665086 0.383736246
0.543806732 0.728551726
0.589765569 0.677555668
0.107826617 0.282763971
0.528770529 0.298733432
0.437309199 0.905012872
0.232344211 0.951172202
0.616536562 0.519997696
0.979255612 0.188276549
0.160059235 0.503197364
0.192561783 0.539532975
0.330187605 0.249064094
0.6225831 0.150881223
0.943822936 0.211722934
0.213675792 0.622012129
0.842723382 0.473674583
0.119022007 0.441184111
0.674265637 0.920417889
0.780023578 0.164720979
0.184820362 0.709523176
0.215191472 0.776733396
0.662860942 0.254505959
0.942082709 0.96061541
0.797346874 0.808005414
0.699889449 0.986451234
0.117866863 0.664521005
0.155394939 0.68969624
0.451218979 0.327686823
0.507467224 0.411565264
0.824897648 0.846274102
0.691978006 0.568791075
0.847326248 0.140441056
0.207549784 0.701251604
0.439221412 0.0669533246
0.301013582 0.844976487
0.537427137 0.339060692
0.87869117 0.0329270975
0.964765264 0.181444364
0.445013778 0.727519673
0.495390151 0.799276496
0.153592972 0.331073844
0.448911186 0.73721792
0.618332664 0.350289054
0.137883604 0.94150374
0.0448032123 0.758674402
0.65751747 0.58663764
0.966803308 0.00990359185
0.844593305 0.33626699
0.0123519115 0.611781334
0.5112021 0.852300169
0.670444927 0.234460905
0.0602740826 0.802137601
0.6185687 0.760440093
0.361776009 0.924026687
0.325598784 0.203504596
0.874417623 0.55615096
0.0303668959 0.948129556
0.766815722 0.405383158
0.868515538 0.661961489
0.569045649 0.794053316
0.575567543 0.587079821
0.280716442 0.573114266
0.419330823 0.749099815
0.00111403872 0.801360884
0.537375946 0.168272205
0.922168207 0.964633885
0.793529868 0.098129674
0.843240044 0.326096682
0.379912329 0.0426216803
0.400849316 0.166722714
0.327416071 0.152887434
0.644941319 0.480203411
0.637737274 0.123787314
0.89023276 0.742841508
0.0947624649 0.895116016
0.396302062 0.879013461
0.773601694 0.0132515709
0.11875299 0.506976192
0.553739107 0.0791733551
0.776958092 0.0767899766
0.411190123 0.154754664
0.818181885 0.0286889004
0.156373463 0.630571612
0.555519288 0.611235703
0.483415196 0.887865453
0.11591437 0.337056855
0.477214925 0.0805700513
0.66802435 0.130999149
0.001860237 0.689415692
0.286965674 0.280438755
0.973538689 0.781114779
0.348749424 0.147590435
0.349255943 0.466719744
0.391833808 0.894516203
0.576338226 0.172738886
0.312668675 0.926751969
0.224416212 0.497947193
0.717982374 0.432815487
0.92951971 0.562606819
0.396091478 0.914211959
0.627847229 0.502711111
0.615550407 0.421922849
0.244125775 0.710707138
0.250477439 0.876881522
0.566282975 0.369880017
0.271997493 0.217864191
0.415080065 0.019268119
0.654157036 0.632939018
0.475689414 0.269816911
0.205743987 0.0606279762
0.259858084 0.273790981
0.757662221 0.842878006
0.714818635 0.234694056
0.775467692 0.550567898
0.481653947 0.693665824
0.110597892 0.838478069
0.865183322 0.803227516
0.799569963 0.803429706
0.234026648 0.516155673
0.631461706 0.877790529
0.988360977 0.995120736
0.459425709 0.280004379
0.969673572 0.459604352
0.77654627 0.531613925
0.437826377 0.7057018
0.020383384 0.431917655
0.592893007 0.190044201
0.0400342965 0.130566904
0.30004982 0.59268429
0.546082573 0.856823755
0.80346149 0.349949985
0.574623895 0.331749011
0.0483877593 0.664676998
0.704508377 0.614278908
0.919065874 0.798705634
0.160497703 0.900112673
0.533331517 0.0750130377
0.968303345 0.717828155
0.394094085 0.461420792
0.970176162 0.742052473
0.00396879908 0.0746642307
0.997209258 0.589346671
0.714502571 0.586054432
0.577771758 0.0773506286
0.45805182 0.68445195
0.757112656 0.438434678
0.341642525 0.268373141
0.443387656 0.390500416
0.251854888 0.40946091
0.978019545 0.112672851
0.902341043 0.820091963
0.666880695 0.463562065
0.566043389 0.237507718
0.882386269 0.953802896
0.878197391 0.927616029
0.149935261 0.360088492
0.0200651385 0.238711294
0.72558514 0.590405812
0.63396868 0.577121476
0.43137116 0.703291025
0.455114168 0.314657604
0.581884929 0.399408174
0.743083256 0.406284513
0.367835125 0.97149811
0.664506043 0.0333464375
0.982177916 0.57675455
0.217734209 0.483787779
0.520502191 0.820092779
0.640342895 0.0300533019
0.463786756 0.371842023
0.431669454 0.514803452
0.57813972 0.6314975
0.726635398 0.154434784
0.828035965 0.0608205523
0.235708901 0.123972883
0.397863417 0.593407796
0.921587992 0.400651076
0.917874412 0.66062077
0.00918328947 0.176972852
0.277141249 0.610358901
0.455542719 0.669974654
0.0256867531 0.218578579
0.164903344 0.0675788394
0.884077735 0.264842453
0.686116081 0.584299413
0.620533308 0.751783764
0.930931937 0.519206025
0.867737647 0.861573108
0.298352421 0.89415988
0.944409445 0.555787618
0.069346038 0.728229046
0.546244706 0.312137729
0.775256377 0.506315443
0.1687171 0.654062398
0.560339284 0.610951842
0.227617442 0.247142626
0.112855996 0.793649829
0.224992626 0.617613271
0.179430045 0.506919253
0.656780929 0.279107144
0.793987219 0.64408139
0.128036712 0.848401166
0.326203965 0.938332313
0.801919696 0.781734697
0.106279443 0.655375078
0.594943698 0.690742812
0.424933969 0.928649532
0.694313629 0.899825176
0.992360971 0.989192275
0.030129153 0.411612032
0.710584838 0.943026749
0.31802531 0.758975436
0.754092212 0.66040998
0.49430617 0.173774169
0.238123488 0.729068446
0.609283726 0.00534742984
0.0976735521 0.456686158
0.10446236 0.614943348
0.508720148 0.208433757
0.470135915 0.873166327
0.202763887 0.258443373
0.422241125 0.541660087
0.193339719 0.0981606771
0.326914619 0.951243781
0.726284853 0.260888132
0.779732334 0.548344568
0.0523866368 0.125142319
0.171296618 0.699704339
0.910374887 0.487378686
0.164529084 0.0799887149
0.299480632 0.538009369
0.210202954 0.554225767
0.253996273 0.0273993474
0.240008807 0.571208018
0.338104843 0.117743199
0.220518841 0.147486903
0.528987414 0.632594689
0.312148537 0.814881866
0.0117817957 0.0416644167
0.455587599 0.77614946
0.27389164 0.660762305
0.570785698 0.640368963
0.251596841 0.765011935
0.482659512 0.746582995
0.2826829 0.870398137
0.731087383 0.314292206
0.279302677 0.550147967
0.643953106 0.643675088
0.0205477624 0.237333662
0.280092595 0.816145228
0.329902675 0.39549466
0.928712849 0.884451595
0.345172222 0.790199562
0.89354353 0.286480616
0.194524767 0.894628379
0.919623889 0.141864629
0.389520851 0.442895815
