1000
840.485369 396.464774
446.583435 353.336097
886.428433 318.692772
584.09022 15.5828494
383.715875 159.368627
58.8589136 691.004373
163.545951 899.854306
533.064714 159.071503
582.699021 604.14419
390.478195 269.971118
742.377406 293.40057
75.5380785 298.525606
857.377943 404.982634
662.83066 941.968323
2.75508143 846.47578
532.596024 462.379245
265.612235 787.876621
306.785131 982.752263
608.715653 600.855136
885.895131 212.438798
151.859864 304.657102
387.476951 337.661903
753.553276 643.609829
531.628252 603.616099
652.488447 459.360316
946.370486 327.181164
943.890339 368.039867
516.59995 7.42826172
24.2991556 272.770953
204.96351 591.954502
59.3686934 877.69335
302.829184 260.842552
498.198059 891.49522
286.413994 710.025581
675.540671 864.923577
959.635562 458.489973
376.551281 774.675406
354.533877 228.639116
669.765832 300.318248
565.954509 718.966572
390.61191 824.465313
844.00846 818.766311
943.395886 180.46777
520.665778 424.886765
913.508169 65.6437549
761.364127 882.584573
688.256842 398.922546
405.008799 761.548304
484.633905 125.251138
873.121166 222.462553
1.413962 528.821898
18.6973976 860.513813
242.884021 814.891942
965.732518 314.571844
809.431695 935.560105
220.135508 492.109153
289.029058 576.353738
261.323339 321.066976
1.81729961 173.987858
241.174551 44.7841404
701.624649 415.451188
503.910344 221.845691
393.063444 67.0302114
218.142211 479.476527
916.203193 219.511285
192.693937 350.221751
633.681628 211.234979
783.411413 53.5653932
444.0966 30.6739171
932.180218 176.412888
472.844835 909.648273
695.567358 871.695461
455.090556 930.189621
893.304001 398.566782
838.734383 693.546747
651.269549 739.699136
577.212317 678.15424
935.388054 273.118281
47.4125134 661.938885
618.194778 373.03839
377.305582 148.627986
25.6878246 644.591401
77.0188061 841.380513
255.986141 742.633917
377.647585 901.84423
211.434985 319.529925
251.315083 648.5325
250.922181 228.644317
136.715085 943.221162
548.707187 270.060767
865.080021 324.021447
680.059336 296.703348
876.307513 833.147254
73.1154782 649.664558
253.581256 898.546969
841.889925 611.318628
372.587091 832.019301
109.214906 757.048223
559.329326 850.811976
343.096982 857.580462
345.197295 691.769604
958.707883 893.584653
981.544357 121.735195
614.776279 55.0247948
376.472598 38.1266756
281.923955 525.604856
607.242966 560.537961
446.534988 816.439585
471.854014 27.1116801
292.723682 284.898305
17.5794171 195.680144
573.165442 829.599231
732.976481 104.780602
223.888398 119.09752
739.051619 947.252862
826.131565 821.356975
256.495729 250.979972
388.221673 338.193197
266.409127 527.318476
870.894566 401.220532
294.573819 45.8917929
560.002386 394.246563
822.576867 310.821141
91.1435897 475.48149
917.044094 262.401093
332.093346 978.435899
240.634874 902.074035
752.286033 373.164372
900.627876 457.827388
565.923483 422.894512
353.870876 970.462157
179.091359 431.506515
337.176765 215.319113
44.7257049 454.367753
62.1491404 683.882454
316.171237 551.375283
500.765995 268.217905
964.826539 62.5369632
806.315558 729.575791
705.017961 151.974411
842.565842 729.957446
955.447777 617.928583
527.085486 479.388126
607.612115 29.3865903
592.769648 47.5693664
904.394395 402.64693
310.837454 330.131069
734.149534 854.944744
340.458593 98.6265335
985.167064 401.739494
831.962391 629.594781
791.22669 437.11973
135.1349 59.4618604
930.451652 543.823899
389.894587 884.899019
856.86265 414.557516
107.756722 286.758584
777.602184 576.675995
808.677186 142.250931
410.024864 748.094222
344.459535 475.115767
23.6477474 416.798846
717.891538 525.81101
694.865075 236.022679
762.750408 779.950606
370.517959 121.562716
766.006338 928.251433
983.660708 289.579533
37.8130858 428.106916
15.5956066 598.326448
130.679 756.723843
217.496166 374.567164
205.663394 577.797001
748.369189 787.020943
285.268327 455.336404
450.007519 850.220081
430.246027 835.011919
950.87211 330.995768
356.794046 248.872817
497.053138 417.870679
563.165348 885.29295
967.759368 685.500244
567.805379 182.368759
203.961873 29.6646427
547.594383 157.764928
211.286623 203.990633
193.097376 67.294043
782.049467 901.521526
422.007772 302.589854
797.120597 989.525426
181.940283 387.471607
737.382928 224.731394
664.735985 533.507071
468.823843 201.830975
97.4637872 566.497239
17.3116657 277.023692
886.939683 563.884072
62.0209302 70.1900742
307.06457 253.306766
134.073245 896.639856
429.454653 947.709807
783.667219 78.1263839
421.18211 443.670266
189.820695 701.886452
248.059341 126.220216
137.505417 657.927917
822.514285 322.77563
923.707346 13.8409775
582.068523 376.353466
413.709177 261.373105
753.720873 687.696658
129.204248 171.327749
292.758255 158.990242
278.877086 857.593283
838.889597 688.423664
48.6142875 814.976619
430.978794 72.9422081
151.954419 749.825755
102.515942 412.267378
641.786166 761.122589
547.413725 734.909593
732.324121 99.8818817
519.474525 528.82975
947.320485 286.499673
494.295132 426.136661
258.222539 702.47499
880.436373 811.368073
107.099233 1.12770702
983.98617 273.251639
816.799474 361.123171
289.412995 855.261654
8.75903687 999.486087
967.693986 63.785482
301.556202 683.162383
923.584747 725.423066
915.7676 649.013753
976.677494 536.121678
418.559172 233.475557
780.2975 581.878852
901.051812 200.170027
928.66606 129.137099
479.741139 764.863751
12.0882221 556.377327
377.665086 383.736246
543.806732 728.551726
589.765569 677.555668
107.826617 282.763971
528.770529 298.733432
437.309199 905.012872
232.344211 951.172202
616.536562 519.997696
979.255612 188.276549
160.059235 503.197364
192.561783 539.532975
330.187605 249.064094
622.5831 150.881223
943.822936 211.722934
213.675792 622.012129
842.723382 473.674583
119.022007 441.184111
674.265637 920.417889
780.023578 164.720979
184.820362 709.523176
215.191472 776.733396
662.860942 254.505959
942.082709 960.61541
797.346874 808.005414
699.889449 986.451234
117.866863 664.521005
155.394939 689.69624
451.218979 327.686823
507.467224 411.565264
824.897648 846.274102
691.978006 568.791075
847.326248 140.441056
207.549784 701.251604
439.221412 66.9533246
301.013582 844.976487
537.427137 339.060692
878.69117 32.9270975
964.765264 181.444364
445.013778 727.519673
495.390151 799.276496
153.592972 331.073844
448.911186 737.21792
618.332664 350.289054
137.883604 941.50374
44.8032123 758.674402
657.51747 586.63764
966.803308 9.90359185
844.593305 336.26699
12.3519115 611.781334
511.2021 852.300169
670.444927 234.460905
60.2740826 802.137601
618.5687 760.440093
361.776009 924.026687
325.598784 203.504596
874.417623 556.15096
30.3668959 948.129556
766.815722 405.383158
868.515538 661.961489
569.045649 794.053316
575.567543 587.079821
280.716442 573.114266
419.330823 749.099815
1.11403872 801.360884
537.375946 168.272205
922.168207 964.633885
793.529868 98.129674
843.240044 326.096682
379.912329 42.6216803
400.849316 166.722714
327.416071 152.887434
644.941319 480.203411
637.737274 123.787314
890.23276 742.841508
94.7624649 895.116016
396.302062 879.013461
773.601694 13.2515709
118.75299 506.976192
553.739107 79.1733551
776.958092 76.7899766
411.190123 154.754664
818.181885 28.6889004
156.373463 630.571612
555.519288 611.235703
483.415196 887.865453
115.91437 337.056855
477.214925 80.5700513
668.02435 130.999149
1.860237 689.415692
286.965674 280.438755
973.538689 781.114779
348.749424 147.590435
349.255943 466.719744
391.833808 894.516203
576.338226 172.738886
312.668675 926.751969
224.416212 497.947193
717.982374 432.815487
929.51971 562.606819
396.091478 914.211959
627.847229 502.711111
615.550407 421.922849
244.125775 710.707138
250.477439 876.881522
566.282975 369.880017
271.997493 217.864191
415.080065 19.268119
654.157036 632.939018
475.689414 269.816911
205.743987 60.6279762
259.858084 273.790981
757.662221 842.878006
714.818635 234.694056
775.467692 550.567898
481.653947 693.665824
110.597892 838.478069
865.183322 803.227516
799.569963 803.429706
234.026648 516.155673
631.461706 877.790529
988.360977 995.120736
459.425709 280.004379
969.673572 459.604352
776.54627 531.613925
437.826377 705.7018
20.383384 431.917655
592.893007 190.044201
40.0342965 130.566904
300.04982 592.68429
546.082573 856.823755
803.46149 349.949985
574.623895 331.749011
48.3877593 664.676998
704.508377 614.278908
919.065874 798.705634
160.497703 900.112673
533.331517 75.0130377
968.303345 717.828155
394.094085 461.420792
970.176162 742.052473
3.96879908 74.6642307
997.209258 589.346671
714.502571 586.054432
577.771758 77.3506286
458.05182 684.45195
757.112656 438.434678
341.642525 268.373141
443.387656 390.500416
251.854888 409.46091
978.019545 112.672851
902.341043 820.091963
666.880695 463.562065
566.043389 237.507718
882.386269 953.802896
878.197391 927.616029
149.935261 360.088492
20.0651385 238.711294
725.58514 590.405812
633.96868 577.121476
431.37116 703.291025
455.114168 314.657604
581.884929 399.408174
743.083256 406.284513
367.835125 971.49811
664.506043 33.3464375
982.177916 576.75455
217.734209 483.787779
520.502191 820.092779
640.342895 30.0533019
463.786756 371.842023
431.669454 514.803452
578.13972 631.4975
726.635398 154.434784
828.035965 60.8205523
235.708901 123.972883
397.863417 593.407796
921.587992 400.651076
917.874412 660.62077
9.18328947 176.972852
277.141249 610.358901
455.542719 669.974654
25.6867531 218.578579
164.903344 67.5788394
884.077735 264.842453
686.116081 584.299413
620.533308 751.783764
930.931937 519.206025
867.737647 861.573108
298.352421 894.15988
944.409445 555.787618
69.346038 728.229046
546.244706 312.137729
775.256377 506.315443
168.7171 654.062398
560.339284 610.951842
227.617442 247.142626
112.855996 793.649829
224.992626 617.613271
179.430045 506.919253
656.780929 279.107144
793.987219 644.08139
128.036712 848.401166
326.203965 938.332313
801.919696 781.734697
106.279443 655.375078
594.943698 690.742812
424.933969 928.649532
694.313629 899.825176
992.360971 989.192275
30.129153 411.612032
710.584838 943.026749
318.02531 758.975436
754.092212 660.40998
494.30617 173.774169
238.123488 729.068446
609.283726 5.34742984
97.6735521 456.686158
104.46236 614.943348
508.720148 208.433757
470.135915 873.166327
202.763887 258.443373
422.241125 541.660087
193.339719 98.1606771
326.914619 951.243781
726.284853 260.888132
779.732334 548.344568
52.3866368 125.142319
171.296618 699.704339
910.374887 487.378686
164.529084 79.9887149
299.480632 538.009369
210.202954 554.225767
253.996273 27.3993474
240.008807 571.208018
338.104843 117.743199
220.518841 147.486903
528.987414 632.594689
312.148537 814.881866
11.7817957 41.6644167
455.587599 776.14946
273.89164 660.762305
570.785698 640.368963
251.596841 765.011935
482.659512 746.582995
282.6829 870.398137
731.087383 314.292206
279.302677 550.147967
643.953106 643.675088
20.5477624 237.333662
280.092595 816.145228
329.902675 395.49466
928.712849 884.451595
345.172222 790.199562
893.54353 286.480616
194.524767 894.628379
919.623889 141.864629
389.520851 442.895815
229.823533 497.197618
752.561731 990.528009
134.170992 353.98875
970.884907 939.943448
230.670903 151.454984
61.4677659 680.793887
520.005373 69.99866
431.015079 324.538499
262.439305 184.992387
503.265304 476.724359
83.1097402 826.684502
383.443597 789.324071
917.027115 11.1516693
948.73009 822.457222
628.528369 97.8936812
446.639515 376.341655
58.1995501 828.647013
893.386601 739.953641
375.655627 114.170933
675.430019 755.31821
746.879048 694.14089
43.8599417 681.422442
773.552921 511.001186
68.1596895 228.390818
8.08088485 50.9405173
888.794441 942.852997
186.490596 331.442567
223.348706 184.566021
12.5225929 800.637296
375.463195 20.6452181
245.887878 382.569717
947.150035 458.65628
137.537319 806.269591
931.356897 977.895511
572.05053 325.030394
371.694724 437.131297
544.772798 923.596956
719.454352 227.717826
257.582431 161.151159
934.453461 297.26726
366.259203 271.331768
196.54112 138.049275
974.073868 979.410745
390.031652 466.172373
325.780682 471.682028
755.856811 515.710096
814.645882 911.732523
878.354301 242.712359
639.086962 19.3168964
478.515616 337.058036
17.1565796 264.930295
956.986064 538.054927
334.332954 769.874353
792.558704 58.3975733
526.351879 698.774464
420.370894 859.497518
713.235867 778.388171
144.161208 461.374675
947.969728 140.528417
675.064769 987.437926
533.790894 363.519226
622.430549 266.908127
823.783377 849.437797
417.574044 276.792761
636.98809 325.233954
847.396941 685.778768
313.795887 674.538153
370.201052 151.863964
162.824645 701.580591
330.210969 664.818276
310.27457 85.2792351
870.337608 157.598951
205.008291 314.471654
945.22718 834.70948
728.040657 996.847056
179.936172 880.385249
739.099163 624.88891
115.56673 68.7304622
216.406047 760.697632
484.427458 157.965808
925.438995 94.684907
806.916142 121.345041
820.37552 945.699129
684.142355 260.756477
436.06808 335.162964
448.733339 31.3625415
182.209419 696.411954
246.335081 145.79246
283.932004 811.8753
457.696133 846.460054
719.168301 522.419146
582.193556 459.725862
743.031722 770.586823
125.142466 754.180721
839.237673 346.252241
640.762051 698.741758
339.772088 351.109903
248.415711 889.09188
663.857472 517.34057
670.49021 820.955546
568.615545 563.723248
35.4424291 926.607211
915.15749 285.544808
389.161632 650.799605
939.249219 917.145853
492.534053 71.0473647
594.926556 920.218346
124.244245 615.102668
197.825227 7.54476098
717.317992 198.83383
833.519794 259.372934
838.243763 707.010562
81.4355868 304.813227
261.867757 727.281141
819.134881 978.4078
337.4306 86.5923182
762.834663 705.363649
5.51573663 245.272818
31.3647715 278.994291
377.349663 395.92097
221.523647 159.937482
782.496336 64.1767607
97.6609224 16.0909043
824.811491 691.613637
137.663138 830.442138
346.481243 625.676108
467.31761 504.696353
513.602325 879.260845
546.881459 781.582685
122.232653 137.761918
754.814505 377.831159
939.939683 671.870316
416.897888 171.063997
594.014342 900.954303
42.8312157 903.371058
483.739137 388.395787
510.981558 266.396792
111.064551 533.888995
654.974095 109.738327
413.047021 358.616733
388.618343 386.848814
352.348684 710.726609
909.232145 919.089943
531.532872 307.080162
160.359608 45.840241
685.973921 82.412194
145.405439 241.524298
962.724457 851.510992
661.678261 152.090199
183.061867 769.632977
883.226019 644.961028
229.707322 170.042804
39.759099 117.079079
101.539461 187.392502
312.61781 782.731295
485.299837 966.816099
357.502037 111.899165
242.222393 989.439703
443.518651 234.548684
475.253799 96.936484
710.618316 518.323902
697.72938 605.361736
149.914087 796.413716
575.81969 599.480537
526.551411 826.93393
164.179678 183.969732
31.2091557 541.137739
37.0547736 431.182402
168.055858 849.395841
166.29029 753.676922
483.790945 163.554825
384.541267 893.629487
699.618847 132.497403
258.403389 63.8889206
626.611271 223.123072
784.720882 603.240945
691.51093 888.300849
507.138538 880.996251
756.845382 901.499556
62.8410929 865.997936
234.103809 587.783585
335.778341 478.379507
825.159162 803.80595
977.547573 487.839967
914.194678 604.593541
116.160238 681.907876
14.8438567 149.684691
302.446261 376.836941
365.42821 941.054155
730.761212 110.732037
885.053941 423.878343
242.497628 774.691837
146.508803 120.311828
695.826232 187.742782
695.610258 185.947639
721.894741 592.824275
123.747265 786.526474
335.805328 84.8869989
469.307167 274.876493
120.11581 122.230508
238.587718 419.263613
930.028253 15.6029934
67.3889843 86.6950872
104.130939 336.510728
526.112002 838.754276
714.459755 189.957412
54.8375555 951.884953
307.281895 113.899853
517.120483 855.446779
114.542523 307.636362
414.339367 894.212761
739.142752 966.833296
704.239687 500.282269
609.548971 679.763626
231.277178 213.77238
975.708325 286.524525
581.608776 761.383726
184.527045 942.589185
316.81769 404.397546
375.546393 685.226519
878.04841 648.355929
412.83934 854.411575
362.143369 889.240307
795.08875 750.29458
995.217153 707.151722
830.458837 851.667911
624.103057 938.193231
535.025204 411.863208
335.112077 816.467704
412.598667 880.94574
331.032614 916.966156
539.803689 169.895129
155.371843 210.890289
643.917355 520.74117
967.223359 710.011102
193.528734 626.555823
826.192064 196.520905
885.455054 560.108066
345.492659 758.121739
408.089579 126.312247
879.264321 951.566897
484.62036 10.9133903
909.537585 656.416663
83.1383142 818.849739
37.0017836 137.392518
348.961336 996.23409
21.2290881 669.5485
432.577445 128.846413
489.415926 784.782212
510.118472 79.501249
82.7307392 838.363709
118.505391 441.839664
46.3604091 65.6761918
541.271324 377.317522
219.302631 575.870738
611.107453 796.864714
434.459757 112.396139
559.554676 233.444199
905.877592 780.257018
701.768862 514.240445
930.892008 4.38665483
944.33412 322.274536
358.973438 528.82808
636.725591 980.823069
730.296107 406.755918
832.895002 797.180333
735.231544 359.124906
909.857661 265.243519
926.426338 115.406802
917.012748 502.439016
178.84858 992.108427
355.768733 842.089721
756.777684 940.307522
57.0366649 327.018827
542.394823 107.182893
818.08486 466.690265
806.257552 941.458712
754.533345 494.32001
168.989015 439.962656
332.944319 161.101256
195.080861 21.371603
580.199883 954.040216
468.526293 41.0697334
463.939506 347.093492
386.417064 273.37984
240.671177 70.6526427
146.632293 7.88229306
152.310935 393.382378
140.919219 286.86524
86.0096423 487.555754
852.243096 381.037062
204.98248 232.03833
318.116822 818.485634
509.079719 386.77373
698.187212 183.621436
333.065999 242.960721
678.755619 852.750741
868.673655 361.157102
578.872408 773.373899
474.752601 305.493754
577.519248 95.7998292
280.169046 769.353358
460.156716 776.844163
989.046844 772.707913
452.169061 372.992741
860.662752 753.387601
848.709526 879.34727
190.589229 136.566018
312.990079 233.933664
789.939795 64.5136619
461.64525 655.678676
610.851417 321.138171
15.5325805 307.80485
854.299976 465.066378
711.938564 443.940193
317.277637 866.225218
959.990378 597.395279
977.178948 752.366067
1.10685231 988.459436
599.484868 745.195662
2.15842767 951.967111
608.664608 385.29653
967.871992 207.668271
340.423369 198.536261
783.763944 417.110536
745.42367 284.998234
779.990208 978.938535
430.438259 758.561884
394.066781 23.9954959
783.217391 628.188642
276.165276 274.756155
653.461866 590.925473
259.976394 850.936513
366.099472 354.941961
265.936929 333.247558
577.105656 385.014316
428.53425 866.944713
889.553191 672.330893
577.662861 800.955119
112.20959 288.014103
953.462145 149.948927
339.23894 51.1532977
508.18931 946.891179
572.44585 796.367587
926.578407 561.625557
702.68735 85.0369787
172.531753 114.282991
260.862902 93.5499681
805.235565 856.284734
278.187277 109.536107
877.863801 550.053752
837.794956 54.5284163
78.5346091 503.018068
823.281985 663.403136
53.338955 631.967711
983.350941 24.9685022
987.922524 208.32115
634.700911 715.040344
455.746456 299.500134
157.736141 527.195571
971.881355 240.661732
332.218471 74.2054812
340.728989 186.875737
583.948767 245.114439
739.768617 178.972353
330.845425 562.366283
40.2666076 555.351998
929.932729 996.736095
396.470425 633.803991
728.922374 324.668946
919.357776 626.706578
551.056995 915.655394
837.380286 822.885106
614.099047 132.305961
998.305006 331.020889
568.830941 731.769057
712.318054 622.088298
594.847064 646.13903
621.73911 799.234677
508.054193 866.718593
617.355109 858.31456
702.06796 390.753069
431.492686 154.57926
692.138506 40.9880702
815.113396 162.562975
673.522284 622.687653
557.659975 286.879922
105.128279 227.281992
706.9575 659.461478
33.2196794 367.412553
380.656811 329.850751
968.985407 78.7538235
484.600521 133.792123
308.573895 646.684318
436.820969 503.888007
855.993171 410.851042
873.996061 85.0521414
190.040741 321.241181
41.0697265 835.500961
758.673002 921.987893
650.990192 257.849829
431.121075 33.36388
982.358069 19.4019141
173.396946 100.952349
656.058855 818.942177
811.024961 449.650299
211.157501 350.409947
918.917779 187.899067
364.557685 340.978926
537.957202 376.422124
782.901994 219.705755
107.327747 130.97548
679.26283 148.525559
57.8985151 348.502063
447.324178 143.607721
412.49598 712.073439
503.582889 383.695556
351.920683 976.670444
180.831418 672.922228
539.823697 402.89416
826.673658 356.730043
454.488072 679.930365
647.548012 817.053979
591.195367 56.459526
505.788943 361.120782
105.861968 425.78084
44.376281 809.44494
840.293071 239.398118
666.552236 153.380267
163.638256 755.017723
36.4059121 139.543325
285.980357 866.779651
658.435659 724.320496
641.613014 677.152505
521.227443 781.386836
235.250958 813.966821
800.584089 821.70979
18.5846711 988.359372
774.182375 460.017225
82.2767874 348.898849
732.223979 923.434887
765.365433 185.931243
121.308941 614.325997
396.378698 553.416364
42.2479424 5.80328922
875.188739 431.54582
662.719126 438.563957
409.282567 383.682539
994.167715 503.378703
550.863585 950.212967
726.369093 14.6300491
0.812301581 657.450737
585.479699 314.750203
101.440606 842.595103
670.661745 83.3877953
322.210447 49.8742149
884.588829 572.893566
531.818864 535.462528
374.046695 445.640436
267.566138 129.748756
573.788079 169.291035
270.636371 998.366003
250.759504 332.02868
106.369177 574.524415
893.392493 697.733588
974.951419 414.17913
914.068572 335.997805
723.998121 965.117873
729.978167 566.737589
374.635866 206.983469
671.874686 665.113635
81.9892838 980.502198
420.778191 518.765534
675.065574 202.839575
884.234722 533.389759
706.222649 387.246142
956.639122 689.948379
123.607273 227.307499
838.357624 490.92116
238.69974 950.620398
657.543097 645.764794
963.565184 628.150588
203.847307 367.002215
347.377554 281.583569
67.5522971 536.140467
148.664786 52.476724
319.443706 289.039877
578.561748 677.905893
770.133996 627.6884
871.815186 304.641479
532.23975 931.955631
57.6512934 217.884114
60.1760184 991.318975
173.805609 264.557952
561.328616 751.402648
296.565914 721.54615
925.603985 50.206341
640.755589 655.62838
390.062167 459.007348
749.976659 706.939587
